start=1123.304348
speed=0.010000
volume=5.000000
