start=51.173913
speed=0.010000
volume=5.000000
