start=624.956522
speed=0.010000
volume=5.000000
