start=1263.434783
speed=0.010000
volume=5.000000
